﻿age,live,dead,ratio_live,ratio_dead,dead_pow,life_expectancy,sex
0,100000,184,0.99816,0.00184,0.07181,81.56,male
1,99816,24,0.99976,0.00024,0.00048,80.71,male
2,99792,17,0.99983,0.00017,0.00014,79.73,male
3,99775,11,0.99989,0.00011,0.00014,78.74,male
4,99764,8,0.99992,0.00008,0.00009,77.75,male
5,99756,6,0.99994,0.00006,0.00007,76.76,male
6,99750,6,0.99994,0.00006,0.00006,75.76,male
7,99744,5,0.99995,0.00005,0.00006,74.77,male
8,99739,5,0.99995,0.00005,0.00005,73.77,male
9,99733,5,0.99995,0.00005,0.00005,72.78,male
10,99728,6,0.99994,0.00006,0.00006,71.78,male
11,99722,7,0.99993,0.00007,0.00007,70.78,male
12,99715,9,0.99991,0.00009,0.00008,69.79,male
13,99706,11,0.99989,0.00011,0.00009,68.79,male
14,99696,14,0.99986,0.00014,0.00012,67.8,male
15,99682,17,0.99982,0.00018,0.00015,66.81,male
16,99664,22,0.99978,0.00022,0.0002,65.82,male
17,99642,28,0.99972,0.00028,0.00025,64.84,male
18,99615,32,0.99967,0.00033,0.0003,63.86,male
19,99582,38,0.99962,0.00038,0.00035,62.88,male
20,99544,44,0.99956,0.00044,0.00041,61.9,male
21,99501,49,0.99951,0.00049,0.00047,60.93,male
22,99452,52,0.99948,0.00052,0.00051,59.96,male
23,99400,52,0.99948,0.00052,0.00053,58.99,male
24,99348,50,0.99949,0.00051,0.00052,58.02,male
25,99297,49,0.99951,0.00049,0.0005,57.05,male
26,99248,48,0.99951,0.00049,0.00049,56.08,male
27,99200,48,0.99951,0.00049,0.00049,55.1,male
28,99152,49,0.99951,0.00049,0.00049,54.13,male
29,99103,49,0.9995,0.0005,0.00049,53.16,male
30,99054,51,0.99948,0.00052,0.0005,52.18,male
31,99003,55,0.99945,0.00055,0.00053,51.21,male
32,98948,59,0.9994,0.0006,0.00057,50.24,male
33,98889,63,0.99936,0.00064,0.00062,49.27,male
34,98825,67,0.99932,0.00068,0.00066,48.3,male
35,98759,69,0.9993,0.0007,0.00069,47.33,male
36,98690,70,0.99929,0.00071,0.00071,46.36,male
37,98619,72,0.99927,0.00073,0.00072,45.4,male
38,98547,76,0.99923,0.00077,0.00075,44.43,male
39,98471,83,0.99916,0.00084,0.0008,43.46,male
40,98388,91,0.99907,0.00093,0.00088,42.5,male
41,98297,100,0.99898,0.00102,0.00097,41.54,male
42,98196,110,0.99888,0.00112,0.00107,40.58,male
43,98086,121,0.99877,0.00123,0.00118,39.62,male
44,97965,132,0.99865,0.00135,0.00129,38.67,male
45,97833,146,0.99851,0.00149,0.00142,37.72,male
46,97687,160,0.99836,0.00164,0.00156,36.78,male
47,97528,175,0.99821,0.00179,0.00171,35.84,male
48,97353,192,0.99802,0.00198,0.00188,34.9,male
49,97161,213,0.99781,0.00219,0.00208,33.97,male
50,96948,236,0.99757,0.00243,0.00231,33.04,male
51,96712,260,0.99731,0.00269,0.00256,32.12,male
52,96452,285,0.99705,0.00295,0.00282,31.21,male
53,96167,311,0.99676,0.00324,0.00309,30.3,male
54,95856,341,0.99644,0.00356,0.0034,29.4,male
55,95515,375,0.99608,0.00392,0.00374,28.5,male
56,95140,411,0.99568,0.00432,0.00413,27.61,male
57,94729,448,0.99527,0.00473,0.00453,26.73,male
58,94280,487,0.99483,0.00517,0.00495,25.85,male
59,93793,530,0.99434,0.00566,0.00541,24.98,male
60,93263,582,0.99376,0.00624,0.00595,24.12,male
61,92681,640,0.99309,0.00691,0.00658,23.27,male
62,92041,704,0.99235,0.00765,0.0073,22.43,male
63,91337,768,0.99159,0.00841,0.00805,21.6,male
64,90569,835,0.99078,0.00922,0.00884,20.78,male
65,89734,906,0.9899,0.0101,0.00968,19.97,male
66,88829,991,0.98885,0.01115,0.01065,19.16,male
67,87838,1090,0.98759,0.01241,0.01182,18.37,male
68,86748,1195,0.98622,0.01378,0.01317,17.6,male
69,85553,1299,0.98482,0.01518,0.01457,16.84,male
70,84254,1414,0.98322,0.01678,0.01609,16.09,male
71,82840,1526,0.98157,0.01843,0.01775,15.36,male
72,81314,1636,0.97988,0.02012,0.01944,14.63,male
73,79678,1757,0.97795,0.02205,0.02126,13.92,male
74,77921,1888,0.97577,0.02423,0.02337,13.23,male
75,76033,2031,0.97328,0.02672,0.02576,12.54,male
76,74002,2180,0.97054,0.02946,0.02844,11.87,male
77,71822,2335,0.96749,0.03251,0.03143,11.22,male
78,69487,2482,0.96428,0.03572,0.03466,10.58,male
79,67005,2639,0.96061,0.03939,0.03818,9.95,male
80,64365,2822,0.95616,0.04384,0.04237,9.34,male
81,61544,3021,0.95092,0.04908,0.04743,8.74,male
82,58523,3230,0.9448,0.0552,0.05339,8.17,male
83,55293,3442,0.93774,0.06226,0.06035,7.62,male
84,51850,3646,0.92968,0.07032,0.06841,7.09,male
85,48204,3826,0.92063,0.07937,0.0776,6.59,male
86,44378,3979,0.91035,0.08965,0.08807,6.11,male
87,40399,4087,0.89882,0.10118,0.10005,5.66,male
88,36312,4133,0.88619,0.11381,0.11352,5.24,male
89,32179,4098,0.87266,0.12734,0.12829,4.85,male
90,28082,3985,0.85808,0.14192,0.14434,4.49,male
91,24096,3807,0.84201,0.15799,0.16213,4.15,male
92,20289,3568,0.82414,0.17586,0.18223,3.83,male
93,16721,3272,0.80434,0.19566,0.20514,3.55,male
94,13450,2909,0.78374,0.21626,0.23049,3.29,male
95,10541,2494,0.76339,0.23661,0.25797,3.06,male
96,8047,2054,0.74472,0.25528,0.28219,2.86,male
97,5993,1644,0.72571,0.27429,0.30749,2.68,male
98,4349,1277,0.70637,0.29363,0.33391,2.51,male
99,3072,962,0.68671,0.31329,0.36152,2.35,male
100,2110,703,0.66676,0.33324,0.39037,2.21,male
101,1407,497,0.64654,0.35346,0.4205,2.07,male
102,909,340,0.62606,0.37394,0.45198,1.95,male
103,569,225,0.60537,0.39463,0.48487,1.83,male
104,345,143,0.58448,0.41552,0.51922,1.73,male
105,201,88,0.56342,0.43658,0.55512,1.63,male
106,113,52,0.54223,0.45777,0.59261,1.54,male
107,62,29,0.52095,0.47905,0.63179,1.45,male
108,32,16,0.49961,0.50039,0.67271,1.37,male
109,16,8,0.47824,0.52176,0.71547,1.3,male
110,8,4,0.4569,0.5431,0.76013,1.23,male
111,4,2,0.43562,0.56438,0.8068,1.16,male
112,2,1,0.41444,0.58556,0.85554,1.1,male
113,1,0,0.39342,0.60658,0.90647,1.05,male
0,100000,172,0.99828,0.00172,0.06362,87.71,female
1,99828,17,0.99983,0.00017,0.00042,86.86,female
2,99811,12,0.99988,0.00012,0.00007,85.88,female
3,99800,9,0.99991,0.00009,0.0001,84.89,female
4,99791,7,0.99993,0.00007,0.00008,83.9,female
5,99784,7,0.99993,0.00007,0.00007,82.9,female
6,99777,7,0.99993,0.00007,0.00007,81.91,female
7,99771,6,0.99994,0.00006,0.00006,80.91,female
8,99765,6,0.99994,0.00006,0.00006,79.92,female
9,99759,5,0.99995,0.00005,0.00006,78.92,female
10,99753,5,0.99995,0.00005,0.00005,77.93,female
11,99748,6,0.99994,0.00006,0.00005,76.93,female
12,99742,7,0.99993,0.00007,0.00006,75.93,female
13,99735,8,0.99992,0.00008,0.00007,74.94,female
14,99727,9,0.99991,0.00009,0.00008,73.95,female
15,99719,11,0.99989,0.00011,0.0001,72.95,female
16,99707,14,0.99986,0.00014,0.00013,71.96,female
17,99693,17,0.99983,0.00017,0.00016,70.97,female
18,99676,19,0.99981,0.00019,0.00018,69.98,female
19,99657,20,0.9998,0.0002,0.0002,69,female
20,99637,22,0.99978,0.00022,0.00021,68.01,female
21,99615,23,0.99977,0.00023,0.00022,67.02,female
22,99593,24,0.99976,0.00024,0.00024,66.04,female
23,99569,25,0.99975,0.00025,0.00025,65.06,female
24,99544,25,0.99975,0.00025,0.00025,64.07,female
25,99519,25,0.99975,0.00025,0.00025,63.09,female
26,99494,25,0.99975,0.00025,0.00025,62.1,female
27,99469,26,0.99974,0.00026,0.00026,61.12,female
28,99443,26,0.99974,0.00026,0.00026,60.13,female
29,99417,27,0.99973,0.00027,0.00027,59.15,female
30,99390,27,0.99973,0.00027,0.00027,58.17,female
31,99363,27,0.99973,0.00027,0.00027,57.18,female
32,99336,28,0.99972,0.00028,0.00028,56.2,female
33,99307,31,0.99969,0.00031,0.0003,55.21,female
34,99277,34,0.99965,0.00035,0.00033,54.23,female
35,99242,39,0.99961,0.00039,0.00037,53.25,female
36,99204,43,0.99957,0.00043,0.00041,52.27,female
37,99161,46,0.99954,0.00046,0.00045,51.29,female
38,99115,50,0.9995,0.0005,0.00048,50.31,female
39,99066,54,0.99946,0.00054,0.00052,49.34,female
40,99012,58,0.99942,0.00058,0.00056,48.37,female
41,98954,62,0.99937,0.00063,0.0006,47.39,female
42,98892,67,0.99932,0.00068,0.00065,46.42,female
43,98826,73,0.99926,0.00074,0.00071,45.45,female
44,98752,81,0.99918,0.00082,0.00078,44.49,female
45,98672,89,0.99909,0.00091,0.00086,43.52,female
46,98582,98,0.99901,0.00099,0.00095,42.56,female
47,98484,107,0.99892,0.00108,0.00104,41.6,female
48,98378,117,0.99881,0.00119,0.00113,40.65,female
49,98261,129,0.99869,0.00131,0.00125,39.7,female
50,98132,142,0.99855,0.00145,0.00138,38.75,female
51,97990,155,0.99842,0.00158,0.00152,37.8,female
52,97835,167,0.99829,0.00171,0.00165,36.86,female
53,97668,177,0.99819,0.00181,0.00176,35.92,female
54,97492,187,0.99808,0.00192,0.00187,34.99,female
55,97304,199,0.99796,0.00204,0.00198,34.06,female
56,97106,211,0.99782,0.00218,0.00211,33.12,female
57,96894,225,0.99767,0.00233,0.00225,32.19,female
58,96669,239,0.99753,0.00247,0.0024,31.27,female
59,96430,253,0.99737,0.00263,0.00255,30.35,female
60,96177,271,0.99719,0.00281,0.00272,29.42,female
61,95906,293,0.99695,0.00305,0.00293,28.51,female
62,95613,319,0.99667,0.00333,0.00319,27.59,female
63,95295,344,0.99639,0.00361,0.00348,26.68,female
64,94951,371,0.9961,0.0039,0.00376,25.78,female
65,94580,399,0.99578,0.00422,0.00406,24.88,female
66,94181,434,0.99539,0.00461,0.00441,23.98,female
67,93747,475,0.99493,0.00507,0.00484,23.09,female
68,93272,521,0.99442,0.00558,0.00533,22.2,female
69,92751,569,0.99387,0.00613,0.00586,21.32,female
70,92183,627,0.99319,0.00681,0.00648,20.45,female
71,91555,690,0.99246,0.00754,0.00719,19.59,female
72,90865,754,0.9917,0.0083,0.00794,18.73,female
73,90111,826,0.99083,0.00917,0.00876,17.89,female
74,89285,905,0.98986,0.01014,0.00968,17.05,female
75,88380,996,0.98873,0.01127,0.01073,16.22,female
76,87383,1105,0.98736,0.01264,0.01198,15.4,female
77,86278,1237,0.98567,0.01433,0.01353,14.59,female
78,85042,1383,0.98374,0.01626,0.01537,13.79,female
79,83659,1550,0.98147,0.01853,0.01749,13.01,female
80,82108,1738,0.97883,0.02117,0.01998,12.25,female
81,80370,1947,0.97577,0.02423,0.02288,11.5,female
82,78423,2182,0.97217,0.02783,0.02627,10.77,female
83,76240,2448,0.96789,0.03211,0.03031,10.07,female
84,73792,2740,0.96287,0.03713,0.03511,9.38,female
85,71052,3047,0.95711,0.04289,0.04069,8.73,female
86,68005,3369,0.95046,0.04954,0.04714,8.1,female
87,64636,3701,0.94274,0.05726,0.05467,7.49,female
88,60935,4037,0.93375,0.06625,0.06353,6.91,female
89,56898,4345,0.92364,0.07636,0.07376,6.37,female
90,52553,4609,0.9123,0.0877,0.0853,5.85,female
91,47944,4844,0.89896,0.10104,0.09872,5.37,female
92,43100,5034,0.88321,0.11679,0.11487,4.92,female
93,38066,5130,0.86523,0.13477,0.13403,4.5,female
94,32936,5080,0.84576,0.15424,0.15574,4.12,female
95,27856,4884,0.82465,0.17535,0.18088,3.78,female
96,22971,4493,0.80442,0.19558,0.20496,3.48,female
97,18479,4002,0.78345,0.21655,0.23057,3.21,female
98,14477,3449,0.76173,0.23827,0.25782,2.96,female
99,11028,2875,0.7393,0.2607,0.2868,2.73,female
100,8153,2314,0.71615,0.28385,0.31763,2.53,female
101,5839,1796,0.69233,0.30767,0.35043,2.34,female
102,4042,1343,0.66786,0.33214,0.38531,2.17,female
103,2700,964,0.64278,0.35722,0.42242,2.01,female
104,1735,664,0.61713,0.38287,0.46189,1.86,female
105,1071,438,0.59097,0.40903,0.50388,1.73,female
106,633,276,0.56436,0.43564,0.54855,1.61,female
107,357,165,0.53737,0.46263,0.59606,1.5,female
108,192,94,0.51007,0.48993,0.6466,1.39,female
109,98,51,0.48255,0.51745,0.70036,1.3,female
110,47,26,0.45491,0.54509,0.75755,1.21,female
111,21,12,0.42724,0.57276,0.81838,1.13,female
112,9,6,0.39965,0.60035,0.8831,1.05,female
113,4,2,0.37226,0.62774,0.95193,0.98,female
114,1,1,0.34518,0.65482,1.02515,0.92,female
